Ahoj
73
37
42
29
48
71
79
47
20
30
67
94
34
60
1
27
13
67
48
25
28
3
36
43
20
79
40
68
66
79
69
29
96
9
38
29
54
87
93
12
79
8
53
14
69
74
83
17
53
88
34
82
54
60
90
92
73
35
13
41
37
63
68
13
24
57
44
96
85
83
92
72
64
20
5
63
91
43
89
97
10
56
8
49
41
5
1
68
44
93
75
19
64
7
11
3
52
80
17
10
62
92
1
51
55
50
0
12
12
83
67
47
6
33
15
43
89
92
70
64
89
81
73
62
61
25
10
58
27
32
92
61
35
22
96
69
80
34
50
42
48
77
89
5
79
97
11
95
2
75
20
63
44
42
25
4
74
69
64
98
47
51
74
51
22
77
16
79
87
27
78
11
11
46
85
9
16
13
55
13
44
47
68
46
61
13
55
95
49
29
34
8
19
30
82
64
38
0
54
88
36
74
45
26
45
14
42
86
17
1
16
85
47
4
86
52
44
46
96
31
64
32
35
62
39
81
34
54
98
9
93
69
35
71
22
68
62
41
6
65
2
33
69
8
12
10
69
17
9
13
88
14
30
69
40
3
15
67
94
63
16
82
10
21
76
34
86
99
71
91
45
61
35
33
99
57
65
1
38
73
56
42
46
62
18
73
12
60
71
78
99
70
39
76
37
72
35
99
21
90
46
95
16
22
0
80
93
88
3
80
4
45
2
9
91
2
42
80
40
31
47
48
61
36
11
79
29
46
1
53
18
25
28
91
39
60
29
39
52
66
55
24
36
20
41
81
50
75
37
93
35
71
67
2
95
64
44
50
66
60
12
42
41
33
58
85
85
76
66
62
80
2
47
42
25
78
23
43
60
64
79
22
34
32
99
20
62
6
46
87
21
61
90
24
68
53
74
18
87
37
43
85
20
16
73
47
88
32
42
35
65
97
72
41
29
27
99
98
25
54
61
20
22
53
37
16
40
69
46
37
33
36
5
32
60
77
55
26
65
17
76
13
80
82
53
31
71
95
4
19
93
49
61
18
53
9
7
17
48
14
13
24
66
27
42
14
93
96
87
98
87
1
51
89
97
72
24
12
33
41
64
89
46
74
22
53
88
56
34
85
85
91
6
29
58
28
99
28
55
29
88
18
74
45
77
94
81
62
86
68
46
59
45
62
3
26
81
1
66
86
68
26
54
56
31
9
2
83
69
58
85
77
50
15
40
36
45
14
72
61
7
54
35
11
65
51
60
75
76
5
73
19
8
1
97
37
19
88
82
62
58
40
32
19
56
17
86
26
62
83
49
87
88
68
11
81
22
84
54
75
44
83
25
36
2
90
30
11
2
94
73
35
88
98
52
79
96
24
7
60
18
94
97
74
59
68
43
83
62
12
93
90
22
49
27
49
82
61
79
65
80
91
40
98
98
39
8
93
21
39
85
76
84
90
80
30
86
55
95
63
83
37
28
58
76
24
43
24
91
34
5
96
81
46
6
73
43
29
4
74
15
67
28
13
80
1
96
41
63
65
82
24
96
13
48
69
8
67
24
31
28
48
50
15
69
64
84
46
25
14
17
81
63
85
69
64
10
77
24
73
20
69
13
31
29
85
21
51
48
72
83
93
66
96
58
74
4
17
45
96
63
99
35
51
43
71
96
55
26
87
78
38
19
45
55
79
25
81
50
46
98
1
51
34
2
27
49
41
82
85
50
32
93
4
13
30
4
37
56
37
61
87
15
54
18
35
97
88
42
16
79
44
21
56
89
39
8
2
82
93
96
12
51
89
95
4
20
13
62
73
53
58
97
89
98
91
44
88
86
11
23
92
33
40
77
39
13
83
76
12
93
53
68
81
91
99
37
29
96
69
94
97
81
95
67
53
0
92
89
88
27
58
24
95
36
79
98
54
94
7
47
60
23
53
91
46
35
86
67
93
20
16
78
35
57
83
88
26
64
14
41
59
15
3
18
70
23
16
76
47
96
77
75
5
88
6
22
29
74
7
13
29
48
45
92
13
60
54
18
13
11
56
24
88
3
46
23
9
35
51
71
96
41
91
97
92
11
35
48
23
57
41
23
93
9
96
10
64
52
69
6
2
68
98
58
5
67
18
80
60
23
92
75
83
38
5
2
53
53
8
56
55
87
1
58
24
7
54
42
19
25
47
81
33
0
64
31
40
6
75
5
90
76
64
80
94
26
5
25
40
21
70
36
27
93
21
28
52
49
78
94
84
92
40
50
70
83
23
63
26
45
69
3
21
58
2
74
50
94
37
